N = 256;
Tmax = 10;
averaging_times = [0, 1, 2, 3.01, 4.01, 5.01, 6.01, 7.01, 8.01, 9.01];
rbin = [0.144531, 0.289062, 0.433594, 0.578125, 0.722656, 0.867188, 1.01172, 1.15625, 1.30078, 1.44531, 1.58984, 1.73438, 1.87891, 2.02344, 2.16797, 2.3125, 2.45703, 2.60156, 2.74609, 2.89062, 3.03516, 3.17969, 3.32422, 3.46875, 3.61328, 3.75781, 3.90234, 4.04688, 4.19141, 4.33594, 4.48047, 4.625];
qbin = [0.679263];
H = [2.54387, 2.28461, 2.24556, 2.2508, 2.24899, 2.21273, 2.22706, 2.21952, 2.21164, 2.22603];
H_2 = [7.66723, 5.85164, 5.66165, 5.59507, 5.56176, 5.35275, 5.53239, 5.41655, 5.35493, 5.45008];
Hkin_2 = [0.117169, 0.533421, 0.478931, 0.424667, 0.436569, 0.433396, 0.375013, 0.39298, 0.38035, 0.297549];
Hint_2 = [6.39769, 3.54423, 3.3517, 3.48022, 3.44613, 3.19474, 3.44816, 3.4179, 3.41822, 3.64925];
temperature = [0.171427, 0.3317, 0.343732, 0.326508, 0.327188, 0.33857, 0.315364, 0.307466, 0.300212, 0.278425];
temperature_squared = [0.0293874, 0.110025, 0.118152, 0.106608, 0.107052, 0.11463, 0.0994542, 0.0945353, 0.0901275, 0.0775205];
temperature_omega = [0.179452, 0.0237601, 0.0971951, 0.117197, 0.0899023, 0.108339, 0.130498, 0.120218, 0.126092, 0.141068];
temperature_omega_squared = [0.0322031, 0.000564543, 0.00944689, 0.0137351, 0.00808243, 0.0117374, 0.0170296, 0.0144524, 0.0158993, 0.0199003];
temperature_p = [0.166411, 0.483727, 0.464986, 0.429251, 0.443913, 0.451702, 0.405949, 0.399288, 0.385513, 0.345472];
temperature_p_squared = [0.0276925, 0.233991, 0.216212, 0.184257, 0.197059, 0.204034, 0.164794, 0.159431, 0.14862, 0.119351];
Upsilon = [2.28705, 0.839411, 1.12259, 1.16033, 0.828578, 1.02092, 1.08595, 0.827544, 0.557403, 0.614052];
H_x = [19.9976, 12.5717, 14.9045, 14.4383, 12.6837, 13.1384, 14.0524, 11.9153, 11.2023, 11.7175];
H_y = [19.5719, 12.4426, 13.8615, 13.8682, 12.9604, 13.3478, 13.5909, 12.0352, 11.7403, 10.5986];
I_x = [0.0210497, 1.04199, 1.47361, 0.348575, 0.184294, -0.199964, -0.293822, -0.391562, -1.66736, 0.0282384];
I_y = [-0.0521587, 1.04261, 0.54119, 0.403506, -1.95124, -0.269931, -0.888457, 0.388498, -1.8337, -1.8022];
I_x_2 = [0.000443089, 1.08573, 2.17152, 0.121505, 0.0339641, 0.0399856, 0.0863312, 0.153321, 2.7801, 0.00079741];
I_y_2 = [0.00272053, 1.08703, 0.292886, 0.162817, 3.80734, 0.0728627, 0.789357, 0.150931, 3.36246, 3.24792];
W = [-1.02999e-17, -1.56125e-17, -2.88262e-17, -3.14419e-17, -2.60209e-17, 1.77809e-17, 3.1225e-17, 2.56956e-17, 4.33681e-17, 2.81893e-17];
W_2 = [1.06088e-34, 2.43751e-34, 8.30951e-34, 9.88591e-34, 6.77085e-34, 3.16161e-34, 9.75002e-34, 6.60263e-34, 1.88079e-33, 7.94634e-34];
M(1,:) = [0.874687, 0.727366, 0.768092, 0.770633, 0.714593, 0.727596, 0.718644, 0.665153, 0.627011, 0.612185];
M(2,:) = [0.484614, 0.404829, 0.416952, 0.425829, 0.391896, 0.397782, 0.407589, 0.389698, 0.371809, 0.341694];
M_2 = [0.999928, 0.692948, 0.763814, 0.775206, 0.664226, 0.687626, 0.682578, 0.594293, 0.531385, 0.491525];
M_4 = [0.999856, 0.480177, 0.583412, 0.600944, 0.441196, 0.472829, 0.465912, 0.353185, 0.28237, 0.241597];
absM = [0.999964, 0.832435, 0.873965, 0.880458, 0.815, 0.829232, 0.826183, 0.770904, 0.728962, 0.701089];
M_angle = [0.505941, 0.507872, 0.49733, 0.504814, 0.501629, 0.500312, 0.515926, 0.529971, 0.535246, 0.509083];
Theta = [0.505941, 0.505941, 0.505941, 0.505941, 0.505941, 0.481398, 0.505941, 0.505941, 0.505941, 0.481398];
Theta_2 = [0.255977, 0.255977, 0.255977, 0.255977, 0.255977, 0.231744, 0.255977, 0.255977, 0.255977, 0.231744];
Theta_4 = [0.0655241, 0.0655241, 0.0655241, 0.0655241, 0.0655241, 0.0537052, 0.0655241, 0.0655241, 0.0655241, 0.0537052];
Theta_rel_to_M = [-6.22839e-09, -0.00193055, 0.00861108, 0.00112726, 0.00431293, -0.0189139, -0.00998405, -0.0240292, -0.029305, -0.0276848];
Theta_rel_to_M_2 = [3.87928e-17, 3.72703e-06, 7.41507e-05, 1.27072e-06, 1.86013e-05, 0.000357735, 9.96812e-05, 0.000577402, 0.000858782, 0.00076645];
Theta_rel_to_M_4 = [1.50488e-33, 1.38907e-11, 5.49832e-09, 1.61473e-12, 3.46009e-10, 1.27975e-07, 9.93634e-09, 3.33393e-07, 7.37507e-07, 5.87445e-07];
P(1,:) = [-1.56125e-17, -6.54858e-17, 4.70544e-17, 8.84709e-17, 1.3314e-16, 9.28077e-17, 1.04951e-16, 5.20417e-17, 5.90348e-17, 9.73614e-17];
P(2,:) = [-9.54098e-18, -1.12757e-17, 2.68882e-17, 1.86483e-17, 2.55872e-17, 7.58942e-17, 9.45424e-17, 1.14058e-16, 7.89299e-17, 1.27719e-16];
P_2 = [0.332821, 0.967453, 0.929972, 0.858502, 0.887827, 0.903403, 0.811897, 0.798577, 0.771027, 0.690944];
P_4 = [0.252964, 2.08396, 1.71068, 1.47192, 1.56757, 1.51757, 1.23477, 1.33665, 1.2292, 0.932943];
coordination_number = [26.4766, 21.1289, 21.4688, 21.6719, 20.9297, 20.9023, 21.1836, 21.7734, 20.8438, 21.4141];
TCF_times = [0, 1, 2, 3.01, 4.01, 5.01, 6.01, 7.01, 8.01, 9.01];
ACF_Spin = [0.999964, 0.832433, 0.873932, 0.880457, 0.814993, 0.829219, 0.826141, 0.770682, 0.728649, 0.701085];
ACF_anglediff = [7.18022e-05, 0.371108, 0.283368, 0.255004, 0.415235, 0.419159, 0.404709, 0.535696, 0.643877, 0.742044];
ACF_Sx = [0.765105, 0.636241, 0.671864, 0.674087, 0.625068, 0.636441, 0.628611, 0.581822, 0.548458, 0.53549];
ACF_Sy = [0.234859, 0.196193, 0.202068, 0.20637, 0.189925, 0.192777, 0.19753, 0.18886, 0.18019, 0.165596];
ACF_q0_M = [0.999964, 0.832433, 0.873932, 0.880457, 0.814993, 0.829219, 0.826141, 0.770682, 0.728649, 0.701085];
ACF_q0_absM = [0.999964, 0.832435, 0.873965, 0.880458, 0.815, 0.829232, 0.826183, 0.770904, 0.728962, 0.701089];
ACF_W = [0.179479, 0.0425933, -0.11188, -0.116599, 0.021219, 0.0895532, 0.0442304, -0.0329133, -0.0422473, -0.00542985];
ACF_E = [7.67242, 5.80739, 5.80105, 5.71672, 5.74309, 5.64392, 5.655, 5.68732, 5.64011, 5.64273];
ACF_Eint = [6.40649, 4.11853, 4.02505, 4.02032, 4.02685, 3.90875, 3.99821, 4.07662, 4.09526, 4.16955];
ACF_Ekin = [0.11529, 0.12691, 0.132116, 0.129465, 0.131737, 0.127705, 0.12753, 0.104956, 0.112098, 0.102467];
ACF_P = [0.327859, 0.0311365, 0.0252713, 0.0366916, -0.0303659, -0.00860867, 0.00600863, -0.000497114, -0.00839375, 0.0024042];
ACF_Ppar = [0.172799, 0.0399855, 0.0158958, 0.0161997, -0.0177235, 0.0059935, -0.0128804, -0.000988256, -0.0225132, 0.00617451];
ACF_Pperp = [0.15506, -0.00887384, 0.00974672, 0.020492, -0.0124533, -0.0143596, 0.0188072, -0.000555866, 0.0144251, -0.00374093];
H_av = 2.2833;
H_2_av = 5.85643;
Hkin_2_av = 0.382588;
Hint_2_av = 3.86225;
H_var = 0.642947;
C_0 = 7.15865;
W_av = -2.07354e-18;
W_2_av = 5.6292e-34;
W_var = 5.5862e-34;
temperature_av = 0.29969;
temperature_squared_av = 0.0929796;
temperature_var = 0.00316559;
temperature_omega_av = 0.112461;
temperature_omega_squared_av = 0.0145771;
temperature_omega_var = 0.00192953;
temperature_p_av = 0.391548;
temperature_p_squared_av = 0.163567;
temperature_p_var = 0.0102571;
Upsilon_av = 1.12456;
H_x_av = 14.0976;
H_y_av = 13.6751;
I_x_av = 0.331705;
I_y_av = 0.0359307;
I_x_2_av = 0.510473;
I_y_2_av = 0.716738;
M_av = [0.735102, 0.408771];
M_2_av = 0.715049;
M_4_av = 0.533143;
M_var = 0.00758027;
Binder_cum = 0.652423;
absM_av = 0.841149;
absM_var = 0.00751621;
M_angle_av = 0.507903;
Theta_av = 0.498929;
Theta_2_av = 0.249053;
Theta_4_av = 0.0621473;
Theta_rel_to_M_av = -0.0089743;
Theta_rel_to_M_2_av = 0.000254391;
Theta_rel_to_M_4_av = 1.50618e-07;
P_av = [4.23768e-17, 4.8913e-17];
P_2_av = 0.783096;
P_4_av = 1.32953;
coordination_number_av = 22.1194;
SCF_Spin_av = [0.0487758, 0.299514, 0.554756, 0.933329, 1.37272, 1.61178, 1.99895, 2.22973, 2.3744, 2.73962, 3.07768, 3.32815, 3.5979, 3.79664, 4.1239, 4.36388, 4.70701, 5.00865, 5.17661, 5.61619, 5.91535, 5.98151, 6.29091, 6.67139, 6.67711, 7.10202, 7.35991, 7.6534, 7.81806, 8.14431, 8.43311, 8.70649];
SCF_Spin_par_av = [0.0433889, 0.277712, 0.530011, 0.882508, 1.29384, 1.5345, 1.91975, 2.13206, 2.28812, 2.65001, 2.9699, 3.21285, 3.50313, 3.74345, 4.05259, 4.29597, 4.61899, 4.92979, 5.14081, 5.53015, 5.86314, 5.93998, 6.27847, 6.71003, 6.71891, 7.22716, 7.41774, 7.77323, 7.97083, 8.24041, 8.54125, 8.83881];
