N = 256;
Tmax = 10;
averaging_times = [0, 1, 2, 3.01, 4.01, 5.01, 6.01, 7.01, 8.01, 9.01, 10.01];
rbin = [0.144531, 0.289062, 0.433594, 0.578125, 0.722656, 0.867188, 1.01172, 1.15625, 1.30078, 1.44531, 1.58984, 1.73438, 1.87891, 2.02344, 2.16797, 2.3125, 2.45703, 2.60156, 2.74609, 2.89062, 3.03516, 3.17969, 3.32422, 3.46875, 3.61328, 3.75781, 3.90234, 4.04688, 4.19141, 4.33594, 4.48047, 4.625];
qbin = [0.679263];
H = [2.18682, 2.1809, 2.20286, 2.18038, 2.21406, 2.2134, 2.20501, 2.2055, 2.21118, 2.21264, 2.23194];
H_2 = [5.2883, 5.11137, 5.31399, 5.15857, 5.27028, 5.28506, 5.24206, 5.26733, 5.2682, 5.23074, 5.36935];
Hkin_2 = [0.315983, 0.338044, 0.296457, 0.360765, 0.28866, 0.251031, 0.275941, 0.330123, 0.300274, 0.292617, 0.246514];
Hint_2 = [3.38059, 3.22824, 3.46519, 3.27452, 3.50007, 3.54654, 3.43813, 3.44195, 3.47687, 3.48043, 3.64241];
temperature = [0.293581, 0.297457, 0.282674, 0.297734, 0.275425, 0.27582, 0.281494, 0.281308, 0.2775, 0.276375, 0.263512];
temperature_squared = [0.0861897, 0.088481, 0.0799045, 0.0886453, 0.0758592, 0.0760766, 0.079239, 0.0791344, 0.0770064, 0.0763833, 0.0694388];
temperature_omega = [0.146943, 0.155127, 0.171507, 0.15392, 0.173334, 0.190421, 0.19682, 0.204181, 0.218341, 0.233367, 0.202938];
temperature_omega_squared = [0.0215922, 0.0240645, 0.0294147, 0.0236915, 0.0300448, 0.0362602, 0.0387382, 0.0416901, 0.0476727, 0.0544603, 0.0411838];
temperature_p = [0.36518, 0.36688, 0.336601, 0.367896, 0.324857, 0.316903, 0.322182, 0.318224, 0.305454, 0.29626, 0.292256];
temperature_p_squared = [0.133356, 0.134601, 0.1133, 0.135347, 0.105532, 0.100427, 0.103801, 0.101266, 0.0933022, 0.08777, 0.0854135];
Upsilon = [0.654457, 0.566495, 0.596114, 0.299708, 0.0611512, 0.2533, 0.211454, 0.0334089, -0.172264, -0.362269, -0.214577];
H_x = [10.7363, 10.1022, 9.90366, 8.50861, 6.75559, 7.81715, 6.78214, 6.07382, 6.53381, 6.8236, 4.75591];
H_y = [11.0821, 10.0962, 10.3233, 8.49852, 6.85648, 7.67423, 6.53088, 7.17493, 6.44621, 5.75999, 4.65923];
I_x = [1.02131, 0.332326, -0.119796, 1.22867, 1.63349, 0.400058, 0.405727, 2.43503, 3.32174, 3.94169, 1.84897];
I_y = [0.380214, 0.86511, 0.156544, 1.43677, -1.85124, -1.63388, -1.10172, -0.712179, 1.06654, 1.29754, -2.56722];
I_x_2 = [1.04308, 0.110441, 0.014351, 1.50963, 2.66829, 0.160046, 0.164615, 5.92936, 11.034, 15.5369, 3.41869];
I_y_2 = [0.144563, 0.748416, 0.0245061, 2.06429, 3.42708, 2.66955, 1.21379, 0.507199, 1.13751, 1.6836, 6.59062];
W = [1.77267e-17, 1.60462e-17, 3.42608e-17, 3.29682e-17, 3.85976e-17, 9.02056e-17, 1.01264e-16, 1.60896e-16, 1.67184e-16, 1.17311e-16, 1.2631e-16];
W_2 = [3.14236e-34, 2.5748e-34, 1.1738e-33, 1.0869e-33, 1.48977e-33, 8.13705e-33, 1.02545e-32, 2.58874e-32, 2.79505e-32, 1.37618e-32, 1.59541e-32];
M(1,:) = [0.607469, 0.589339, 0.546641, 0.471384, 0.415695, 0.357732, 0.303757, 0.233786, 0.156297, 0.0535448, -0.00303752];
M(2,:) = [0.307577, 0.282373, 0.252429, 0.199732, 0.199595, 0.183072, 0.135262, 0.138218, 0.0864596, 0.0115546, 0.0227406];
M_2 = [0.463622, 0.427055, 0.362536, 0.262096, 0.212641, 0.161488, 0.110564, 0.0737599, 0.0319039, 0.00300055, 0.000526359];
M_4 = [0.214945, 0.182376, 0.131433, 0.0686944, 0.0452161, 0.0260782, 0.0122244, 0.00544052, 0.00101786, 9.00331e-06, 2.77054e-07];
absM = [0.680898, 0.653495, 0.60211, 0.511953, 0.46113, 0.401855, 0.332512, 0.271588, 0.178617, 0.0547773, 0.0229425];
M_angle = [0.468696, 0.446817, 0.432608, 0.400781, 0.447639, 0.473011, 0.418937, 0.533935, 0.505279, 0.212534, 1.70358];
Theta = [0.456854, 0.456854, 0.43231, 0.358679, 0.309592, 0.309592, 0.186873, 0.358679, 0.16233, 0.0396113, -0.0831071];
Theta_2 = [0.208716, 0.208716, 0.186892, 0.128651, 0.0958472, 0.0958472, 0.0349217, 0.128651, 0.026351, 0.00156906, 0.0069068];
Theta_4 = [0.0435622, 0.0435622, 0.0349287, 0.016551, 0.00918668, 0.00918668, 0.00121952, 0.016551, 0.000694373, 2.46194e-06, 4.77038e-05];
Theta_rel_to_M = [-0.0118415, 0.0100375, -0.00029771, -0.042102, -0.138047, -0.163419, -0.232063, -0.175256, -0.342949, -0.172923, -1.78669];
Theta_rel_to_M_2 = [0.000140221, 0.000100751, 8.86313e-08, 0.00177258, 0.0190569, 0.0267057, 0.0538535, 0.0307146, 0.117614, 0.0299024, 3.19226];
Theta_rel_to_M_4 = [1.96618e-08, 1.01508e-08, 7.8555e-15, 3.14202e-06, 0.000363167, 0.000713193, 0.00290019, 0.000943385, 0.013833, 0.000894152, 10.1905];
P(1,:) = [8.89046e-17, 7.24247e-17, 9.28077e-17, 8.71699e-17, 3.64292e-17, 4.33681e-18, -8.41341e-17, -3.40439e-17, -8.93383e-17, -8.34836e-17, -6.72205e-17];
P(2,:) = [1.37911e-16, 7.95804e-17, 1.13408e-16, 5.11743e-17, 1.03216e-16, 1.46801e-16, 1.14383e-16, 6.19079e-17, 1.60462e-17, 3.51282e-17, 5.81132e-17];
P_2 = [0.730359, 0.733759, 0.673202, 0.735791, 0.649715, 0.633806, 0.644364, 0.636447, 0.610908, 0.59252, 0.584512];
P_4 = [0.987624, 1.0639, 0.875151, 1.12015, 0.845705, 0.678567, 0.763627, 0.898196, 0.801956, 0.754185, 0.6449];
coordination_number = [20.9102, 20.6055, 21.3594, 20.2852, 21.543, 20.6172, 20.918, 20.4414, 19.9922, 20.5078, 20.1836];
TCF_times = [0, 1, 2, 3.01, 4.01, 5.01, 6.01, 7.01, 8.01, 9.01, 10.01];
ACF_Spin = [0.999971, 0.763, 0.41088, 0.276445, 0.314986, 0.36658, 0.348576, 0.282773, 0.145141, 0.045405, 0.0251952];
ACF_anglediff = [5.87013e-05, 0.552945, 1.70124, 2.5782, 2.66331, 2.32544, 2.60162, 2.61497, 3.36401, 3.89274, 4.05419];
ACF_Sx = [0.572824, 0.477119, 0.328273, 0.282353, 0.280093, 0.261588, 0.208119, 0.156747, 0.0890486, 0.0257278, -0.0209024];
ACF_Sy = [0.427146, 0.285881, 0.0826076, -0.00590769, 0.0348929, 0.104993, 0.140458, 0.126026, 0.0560924, 0.0196773, 0.0460976];
ACF_q0_M = [0.463669, 0.444897, 0.409742, 0.347806, 0.313941, 0.273648, 0.226143, 0.184556, 0.121553, 0.0360789, 0.00515838];
ACF_q0_absM = [0.463669, 0.445009, 0.410017, 0.348624, 0.314015, 0.27365, 0.22643, 0.184942, 0.121632, 0.0373016, 0.0156231];
ACF_ang_MSD = [5.87013e-05, 0.552945, 1.75176, 2.80783, 3.2403, 3.53606, 4.50419, 6.14072, 8.41635, 11.5426, 15.077];
ACF_W = [0.146735, 0.0669028, -0.0422104, -0.0751232, -0.0461418, -0.0113515, 0.0100656, 0.0143166, -0.0008818, -0.0121439, -0.0156812];
ACF_E = [5.29156, 4.80192, 4.83171, 4.80224, 4.84195, 4.88491, 4.85732, 4.85125, 4.8949, 4.84378, 4.87451];
ACF_Eint = [3.38414, 3.04206, 3.12328, 3.02944, 3.16412, 3.18794, 3.13228, 3.13728, 3.17492, 3.14917, 3.24521];
ACF_Ekin = [0.31546, 0.211765, 0.180627, 0.202978, 0.18579, 0.177783, 0.193264, 0.189272, 0.199718, 0.183331, 0.166056];
ACF_P = [0.728566, 0.0668637, -0.00268892, 0.0200815, -0.00812242, 0.01386, -0.00662674, -0.041528, 0.0410458, -0.0518997, 0.0333202];
ACF_Ppar = [0.378257, 0.0205815, -0.0215031, 0.0122608, 0.00802082, -0.00317628, -0.017693, -0.0269086, 0.0236345, -0.00873489, 0.00847358];
ACF_Pperp = [0.350309, 0.0477059, 0.0188978, 0.00486356, -0.0137709, 0.0171473, 0.00834307, -0.0148847, 0.0181306, -0.0335791, 0.0266769];
ACF_MSD = [0.000291952, 1.46168, 3.54827, 5.59503, 7.88872, 9.49002, 12.014, 13.9976, 16.3246, 17.9045, 19.7957];
H_av = 2.1975;
H_2_av = 5.23648;
Hkin_2_av = 0.312146;
Hint_2_av = 3.40249;
H_var = 0.407475;
C_0 = 4.96695;
W_av = 6.70591e-17;
W_2_av = 7.23124e-33;
W_var = 2.73431e-33;
temperature_av = 0.286421;
temperature_squared_av = 0.0821164;
temperature_var = 7.92172e-05;
temperature_omega_av = 0.179353;
temperature_omega_squared_av = 0.0330248;
temperature_omega_var = 0.000857453;
temperature_p_av = 0.338277;
temperature_p_squared_av = 0.115153;
temperature_p_var = 0.000720906;
Upsilon_av = 0.291602;
H_x_av = 8.56647;
H_y_av = 8.65846;
I_x_av = 1.3199;
I_y_av = 0.255731;
I_x_2_av = 3.47197;
I_y_2_av = 1.1203;
M_av = [0.408556, 0.196422];
M_2_av = 0.250508;
M_4_av = 0.0898537;
M_var = 0.0450081;
Binder_cum = 0.522723;
absM_av = 0.453811;
absM_var = 0.044564;
M_angle_av = 0.424055;
Theta_av = 0.344654;
Theta_2_av = 0.137006;
Theta_4_av = 0.0234778;
Theta_rel_to_M_av = -0.0794002;
Theta_rel_to_M_2_av = 0.0127623;
Theta_rel_to_M_4_av = 0.000364843;
P_av = [3.2588e-17, 8.94157e-17];
P_2_av = 0.676555;
P_4_av = 0.91111;
coordination_number_av = 20.6752;
